v3.0 hex words addressed
00: 00 00 00 00 00 00 75 bc 5f 8e 79 12 45 43 21 7a
10: 00 11 22 33 44 55 66 77 88 99 aa bb cc dd ee ff
20: ff ee dd cc bb aa 99 88 77 66 55 44 33 22 11 00
30: 34 83 68 27 95 a4 b6 e4 75 03 c4 9f 65 23 2c 5f
40: 00 00 00 00 2c 57 8b 0f 22 1c 4c 6b 7a 68 34 5e
50: 00 00 00 00 00 00 00 00 00 00 00 00 00 00 00 00
60: 00 00 00 00 00 00 00 00 00 00 00 00 00 00 00 00
70: 00 00 00 00 00 00 00 00 00 00 00 00 00 00 00 00
80: 00 00 00 00 00 00 00 00 00 00 00 00 00 00 00 00
90: 00 00 00 00 00 00 00 00 00 00 00 00 00 00 00 00
a0: 00 00 00 00 00 00 00 00 00 00 00 00 00 00 00 00
b0: 00 00 00 00 00 00 00 00 00 00 00 00 00 00 00 00
c0: 00 00 00 00 00 00 00 00 00 00 00 00 00 00 00 00
d0: 00 00 00 00 00 00 00 00 00 00 00 00 00 00 00 00
e0: 00 00 00 00 00 00 00 00 00 00 00 00 00 00 00 00
f0: 00 00 00 00 00 00 00 00 00 00 00 00 00 00 00 00
